NAME : single
TYPE : ATSP
DIMENSION : 24
EDGE_WEIGHT_TYPE : EXPLICIT
EDGE_WEIGHT_FORMAT : FULL_MATRIX
EDGE_WEIGHT_SECTION
0 100953 101094 100904 100597 100582 100850 100769 101044 100724 101107 101070 100891 100716 100660 100752 100876 100678 -251 100847 100901 100680 101032 100541 
0 0 191 273 873 1061 456 421 2093 2321 2042 2612 2451 2675 1451 798 695 577 1719 1355 1300 1015 1375 1633 
0 191 0 225 791 970 274 280 2073 2137 1952 2460 2414 2558 1638 898 805 685 2045 1319 1287 976 1347 1728 
0 273 225 0 603 790 437 490 2252 2363 2168 2946 2852 3113 1456 921 897 512 1770 1104 1065 761 1257 1509 
0 873 791 603 0 191 852 974 2943 3091 2858 3639 3562 3862 1832 1221 1087 761 1681 573 605 271 626 1614 
0 1061 970 790 191 0 1037 1134 3049 3309 3031 3865 3817 4082 2032 1351 1273 1004 1778 577 564 292 547 1666 
0 456 274 437 852 1037 0 145 1812 2098 1782 2168 2105 2252 2087 1245 1166 941 2556 1418 1417 1085 1458 1980 
0 421 280 490 974 1134 145 0 1673 1990 1664 1990 1912 2115 1888 1188 1078 964 2180 1533 1521 1194 1569 2036 
0 2093 2073 2252 2943 3049 1812 1673 0 431 66 377 355 654 1844 2059 2137 2659 3177 3192 3374 2836 3466 3331 
0 2321 2137 2363 3091 3309 2098 1990 431 0 368 673 703 977 2068 2400 2456 2848 3609 3635 3884 3344 3915 3728 
0 2042 1952 2168 2858 3031 1782 1664 66 368 0 421 409 708 1882 2177 2213 2745 3213 3200 3413 2871 3520 3255 
0 2612 2460 2946 3639 3865 2168 1990 377 673 421 0 91 306 1324 1658 1644 2109 2555 3620 3579 3281 3973 2641 
0 2451 2414 2852 3562 3817 2105 1912 355 703 409 91 0 299 1351 1696 1719 2072 2706 3538 3539 3195 3828 2669 
0 2675 2558 3113 3862 4082 2252 2115 654 977 708 306 299 0 950 1353 1365 1875 2419 4113 4108 3780 4309 2361 
0 1451 1638 1456 1832 2032 2087 1888 1844 2068 1882 1324 1351 950 0 552 550 1078 1406 2456 2275 2234 2499 1364 
0 798 898 921 1221 1351 1245 1188 2059 2400 2177 1658 1696 1353 552 0 116 482 1084 1599 1491 1162 1767 1274 
0 695 805 897 1087 1273 1166 1078 2137 2456 2213 1644 1719 1365 550 116 0 459 1024 1519 1421 1174 1651 975 
0 577 685 512 761 1004 941 964 2659 2848 2745 2109 2072 1875 1078 482 459 0 1404 1256 1152 923 1255 1541 
0 1719 2045 1770 1681 1778 2556 2180 3177 3609 3213 2555 2706 2419 1406 1084 1024 1404 0 1260 1025 1089 1090 100000 
0 1355 1319 1104 573 577 1418 1533 3192 3635 3200 3620 3538 4113 2456 1599 1519 1256 1260 0 168 343 214 1522 
0 1300 1287 1065 605 564 1417 1521 3374 3884 3413 3579 3539 4108 2275 1491 1421 1152 1025 168 0 340 169 1190 
0 1015 976 761 271 292 1085 1194 2836 3344 2871 3281 3195 3780 2234 1162 1174 923 1089 343 340 0 385 1383 
0 1375 1347 1257 626 547 1458 1569 3466 3915 3520 3973 3828 4309 2499 1767 1651 1255 1090 214 169 385 0 1335 
0 1633 1728 1509 1614 1666 1980 2036 3331 3728 3255 2641 2669 2361 1364 1274 975 1541 100000 1522 1190 1383 1335 0 
EOF